318604
318605
318606
318607
318608
318611
318612
318613
318614
318615
318616
318617
318619
318620
318621
318622
318625
318626
318627
318630
318631
318633
318634
318635
318636
318637
318638
322873
318640
318641
318642
318643
318743
318744
318745
318746
323270
318747
318748
322439
323309
318749
322724
322723
322438
322440
323980
318685
318686
318687
318689
323337
323416
318691
318692
323417
318696
318698
318700
318701
324109
318702
323256
318703
318705
318706
318707
318708
318709
318710
324110
322958
318711
322959
318712
323122
323375
318713
323936
322565
323940
323257
318716
318718
323376
323379
318720
318721
318723
324107
324108
318724
318725
326835
318726
323700
318728
322870
323120
323255
318730
318731
323231
323196
324079
318732
323377
324111
324112
323378
323938
322871
318733
318734
318735
318736
318737
322360
323937
318738
343242
318739
318740
323939
318741
318742
322445
322443
323803
318644
318645
318646
318647
318649
318650
318651
318652
318653
318654
318655
318656
318657
324010
318658
318659
318660
323118
318661
318662
318663
318664
318665
318666
318667
318668
318669
322799
323677
318670
318671
318673
318674
318676
318677
318678
318679
318680
318681
318682
322797
318684
324018
351455
351456
323283
323348
323343
323351
323340
323346
323350
323345
323349
323341
323418
323353
323339
323338
323347
323344
323352
318752
318753
323607
323609
323608
318756
322571
322570
322567
322569
318766
323606
318769
318772
318773
318774
318775
318777
318780
318781
318782
318784
318785
318786
318787
318789
343243
318790
318791
324031
322363
318798
318800
318801
318802
318807
323233
322568
318812
318813
318823
318824
318834
318835
318836
318840
318842
324030
322364
318844
318846
318847
318849
318852
318853
318854
323232
322809
322361
318858
318859
318860
318864
318871
323260
322961
318879
318882
318883
318891
323941
318892
318899
318900
318903
318904
318905
323384
318907
318908
318909
323679
323678
323683
324565
318911
318912
318913
318914
318915
318916
318917
324113
323612
318924
318926
318927
318929
318932
318933
324032
318935
322918
323953
318936
323701
323703
323704
324566
324567
326794
322872
318901
322653
323423
322647
322651
322600
322596
322601
322604
322650
322649
322652
322879
322881
322883
322882
322880
322878
323696
322643
322641
322646
322645
324180
322644
322648
324181
322623
322638
322618
322605
322626
322621
322598
322597
322603
322635
322599
322595
322578
322625
322620
322634
322637
322624
323697
322619
322602
323385
322586
322594
323106
322632
322622
322812
324081
322629
323107
323422
323424
323698
322628
322577
322630
322627
322593
322606
322592
322591
322590
322589
322613
322609
323707
322588
322587
322584
322581
323125
322610
322640
322811
324080
323708
323126
323421
323420
323699
323426
322614
322615
323425
323955
323954
323956
319010
323292
319013
322444
322437
323180
323308
319133
319134
326795
319135
319136
319138
319139
319140
319141
323262
319142
319143
319144
319145
319147
322661
319148
323108
323109
319149
319150
323294
319151
319152
319153
319154
319155
323293
319156
319157
319158
323130
319159
319160
319161
323129
324065
322970
319162
324154
323175
319163
319164
319165
319166
319167
322388
319168
322659
319169
323128
343244
319170
319171
319172
319173
324155
324156
319174
323356
319175
323174
319176
319177
319178
319179
319180
319181
319182
319183
324568
323127
319186
319187
324082
323709
319188
323919
319189
319190
319191
323173
324569
319192
319193
319195
319196
319197
319198
343245
319199
324157
319200
323957
319201
324182
324183
319202
323710
319203
324158
322813
324570
323172
319205
319206
319207
319208
319209
324571
319211
319212
319214
319215
319216
319217
319218
322660
319219
322387
319220
324159
319221
319223
323261
323920
323171
319226
319227
323958
319228
319229
319289
319290
319291
319292
319293
319294
319295
319296
322662
319297
319298
323866
322884
319299
319301
324088
319302
323867
319303
319304
319305
319306
319307
322392
319308
323868
319309
322393
323176
319310
319311
319312
319313
319314
319315
319316
323712
319317
319318
319319
319320
323684
324572
323713
324573
324535
324393
323714
319321
324222
323110
323429
319322
319323
319324
319325
319326
319327
319328
319329
319330
319331
319332
319333
323966
323965
323963
323962
323964
326797
326836
319335
323715
322665
323717
319336
323870
326837
319337
324536
319338
323961
319339
323428
323718
324160
319340
324161
319341
319342
323296
323295
324537
324553
323357
322391
324221
319344
323358
323613
323238
323719
324135
323967
324552
319345
319346
319347
319348
319349
319350
319351
319352
319353
319354
319355
319356
319357
323960
319358
319359
319360
319361
319362
319363
322663
324574
319365
319366
326838
319367
319368
323720
322664
319369
323968
323721
319370
319371
319372
322389
322666
319373
326839
319374
324538
319375
319376
319377
319378
323427
323722
319379
324162
319380
319381
319382
319383
319384
319385
319387
319388
319389
319390
319391
319392
319393
324394
319394
323359
323236
323237
323723
323724
324117
319395
322919
319396
319397
319398
319399
319401
319403
319404
319405
319406
319407
319408
319409
319410
319411
319412
319413
323725
323726
319414
319415
323302
322406
323753
323265
323266
323445
322679
324083
319230
322414
323917
322411
322412
324087
322397
323368
322402
323263
324085
324086
326796
323796
319231
322403
324084
323959
323762
323795
322405
323757
319232
323922
322396
323264
324116
319233
319234
319235
319236
319237
319238
319239
319240
319242
319243
322415
319244
319245
322977
319247
319248
322985
319251
319252
319254
319255
319256
323239
319257
319258
319259
319260
319261
319262
322410
322408
322409
323300
319263
319264
319265
319266
323306
319268
319269
319270
319271
319272
319273
319274
319275
319276
319277
319278
319279
319280
319281
323921
319283
319284
319285
322401
319286
322413
323267
322676
322976
319287
319288
324258
324259
324260
324261
324262
324263
324264
324265
324266
324267
324268
324269
324270
324271
324272
324273
324274
324275
324276
324277
324278
324279
324280
324281
324282
324283
324284
324285
324286
324287
324288
324289
324290
324291
324292
324293
324294
324295
324296
324297
324298
324299
324300
324301
324302
324551
324303
324304
324305
324306
324307
324308
324309
324310
324311
324312
324313
324314
324315
324316
324317
324318
324319
343246
324320
324321
324322
324323
324324
324325
324326
324327
324328
324329
324330
324331
324332
324333
324334
324335
324336
324337
324338
324339
324340
324341
324342
324343
324344
324345
324346
324347
324348
324349
324350
324351
324352
324353
324354
324355
324356
324357
324358
324359
324360
324361
324362
324363
324364
324365
324366
324367
324368
324369
324370
324371
324372
324373
324374
324375
324376
324377
324378
324379
324380
324381
324382
324383
324384
324385
324386
343247
324387
324388
324389
324390
324391
324392
322687
322686
319416
319417
319418
319419
319420
319421
319422
319423
319424
319425
319426
319427
319428
319429
319430
319431
319432
319433
319434
319435
319436
319437
319439
319440
319442
323930
323935
322682
322683
319443
319444
319445
319446
319447
319448
319449
319450
319451
319452
324007
324539
319453
319454
319455
319456
319457
319458
319459
319460
319461
319462
319463
319464
319466
319467
319468
319469
319470
319471
319472
323303
326840
326841
319473
319474
319475
319476
319477
319478
319479
319480
319481
319482
319483
319484
319485
319486
319487
319488
319489
319490
319491
319492
323447
323439
323441
323440
323437
323438
319493
319494
319495
319496
319497
319498
322815
322886
319499
319500
319501
319502
322705
322678
319503
319504
319505
319506
319507
319508
322887
319509
319510
319511
319512
319513
319514
319515
319516
324256
319517
319518
319519
319520
319521
319522
319523
319524
319525
319526
319527
319528
322404
319529
319530
319531
319532
319533
319534
319535
319536
319537
319538
319539
319540
319541
319543
319544
319545
319546
319547
319548
319549
319550
323934
319552
319553
319554
319555
319556
319557
319558
319559
319560
324575
324092
323858
343248
323860
324091
323861
323862
323871
323944
324090
323791
323792
323793
323790
324163
323952
323947
323948
323950
323951
324089
326842
324254
322555
323784
323785
324540
324395
323599
323598
323601
323600
323596
322510
322553
322551
323281
323280
324554
323279
323597
322550
323168
323786
323282
322552
323924
323856
324185
324184
324186
324188
324187
323387
323386
323716
323863
323615
323297
323969
323430
323431
319708
319709
319710
319711
323732
323731
324576
324577
319712
319713
319714
319715
319716
319717
322669
319718
319719
319720
319721
319722
319723
324095
319724
319727
319728
324094
324093
319729
323872
319730
322671
319731
319732
319733
319735
319738
323436
319739
319740
319741
319742
319744
322670
323733
323746
323745
323743
323734
323744
323736
323742
323728
323740
323735
323741
323739
323737
323730
323729
323929
319745
319746
323971
319747
323873
323882
323888
323886
323880
323878
351457
323881
323877
323890
323879
323885
324067
323895
323883
323876
323894
323893
323887
323875
323892
323884
323891
323889
323874
319896
319897
319898
324136
319562
323434
319563
319564
343249
323926
323927
319565
319566
319567
319568
319569
322885
323298
323435
323928
324191
319570
319571
319572
323199
319573
319574
319575
319576
319577
319578
319579
319580
319581
319582
323794
319583
323925
319584
319585
319586
319587
319588
322974
319589
319590
319591
319592
324119
323432
319593
319594
319595
323617
319596
319597
319598
319599
319600
319601
324193
319602
319603
319604
319606
319607
319608
319609
319610
319611
319612
323131
319613
319614
319615
322395
319616
319617
319618
319619
319620
319621
322667
319622
324138
319623
323361
323360
319624
319625
322858
324066
319626
323198
319627
319628
319629
319630
319631
319632
319633
319634
322973
319635
319636
319637
319638
319639
319640
324118
319641
322668
319642
319643
323433
319644
323616
319645
319646
319647
319648
319649
319650
324192
319651
319652
319653
319655
319656
319657
319658
319659
319660
319661
319662
319663
319664
319665
319666
319667
319668
319669
323177
319670
319671
319672
319673
319674
319675
322394
319676
319677
319678
319679
319680
319681
322814
319682
319683
323727
324137
319684
324190
322857
324037
319685
319686
319687
319688
319689
319690
319691
319692
319693
319694
319695
319697
319698
319699
319700
319701
319702
319703
319704
319705
323970
319706
319707
319877
319878
319879
319880
319881
319882
319883
319884
319885
319886
319887
323004
319868
319869
323468
323467
323625
323628
323626
323627
323629
323623
323624
322989
323212
323211
323208
323210
323209
323206
323207
319872
319873
319874
322432
319876
322426
322425
322423
322429
322421
322418
322417
323622
319750
319751
323764
319752
319753
319755
324145
319756
319759
319760
319761
319762
322416
319765
319766
319767
319768
319769
319770
319771
319772
319773
319774
322821
319775
319776
324040
322819
322817
319777
319778
319779
319780
343251
319781
319782
319783
319784
319785
324039
319787
322988
319793
324120
323800
319794
319795
319796
319797
319798
319799
323801
319802
322986
322987
319804
319805
319806
323799
319807
323465
343252
322820
319809
322818
323466
326843
343253
326844
326845
326846
319811
319812
324038
323269
319813
319814
319815
319820
323462
323463
319821
319822
319823
319824
319825
319826
319827
319828
319829
319830
319831
319837
319838
323464
319839
323973
319840
319841
322921
319842
319844
319845
319846
319847
319848
319849
319850
319851
319852
326798
319853
319854
319860
319861
323461
319862
319863
322714
322920
319864
319865
319866
323972
319867
319890
319891
319892
319893
319894
322922
323112
323114
323113
319934
319935
319936
319937
324022
322525
319938
323592
323593
323590
323595
323594
319939
319940
322548
322530
324024
319944
319945
319946
324578
319947
319948
319949
319950
319951
322540
322534
322526
323119
322795
319953
324017
319954
319956
319958
319960
323354
319961
323610
319963
319964
319965
319967
319968
324041
319969
319971
319973
319974
319976
319978
319981
319982
319983
319984
319899
319900
324096
319901
319902
323897
319903
319904
319905
319906
319907
319908
319909
319910
319912
319913
319914
319915
322436
319916
319917
323245
319918
319919
319920
319921
319922
319923
319924
319925
319926
322434
319927
319929
319930
319931
319932
323974
319933
319985
323804
319986
323802
323685
319987
324146
319988
319989
319990
319991
319992
319994
322889
323247
319996
319997
319998
326847
319999
320000
320001
320002
320003
320004
320005
320006
320007
320008
323979
320009
320010
320011
320012
320013
320014
324195
324198
322972
320016
320017
324197
320018
320019
320020
320021
324200
324196
320022
320023
324201
320024
324199
320026
320027
324202
324194
320028
320029
322732
323389
323470
322891
322562
322890
320080
320081
320082
323137
323805
320083
320084
320086
320087
322991
320090
322997
322731
323088
322993
320091
320092
320093
320094
323686
320096
323136
320097
322824
320098
320099
322995
320100
320101
322992
320102
320103
320104
320105
320106
320107
320108
322996
320109
320110
320111
320112
323388
322449
320115
320116
320118
320119
320120
320121
320122
320124
320125
320126
320127
320128
320129
320130
320131
320132
320134
320135
320136
320137
320138
320139
320140
320141
320143
322730
320144
322822
322728
320145
320147
320148
320149
320150
320151
322990
320152
320154
320155
320156
320157
320158
320159
320160
322994
323469
320161
320162
322448
320163
320164
320165
320166
320167
320168
320169
320170
320172
320173
320174
320175
326849
320176
320177
320178
320179
320180
320181
320184
320185
320186
320187
320188
320189
320190
320191
322729
320192
322823
322727
343255
320193
320194
320195
320196
320197
343256
320198
320199
320200
323982
320201
320202
320203
320030
320031
320032
343254
320033
320035
320036
326799
320038
320040
320041
320042
320043
320044
320046
320048
320051
320052
320053
320054
320055
320056
320057
324147
320058
320059
320060
320061
320062
322888
323246
320064
320065
320066
320067
320068
320069
320070
320071
320072
322433
320073
320074
320075
326848
320076
320077
320078
323977
320079
320219
320220
322892
320221
320222
320223
320225
320226
320227
320216
320217
322726
322725
322441
322447
323244
320218
323978
320228
320229
320230
320231
320392
320393
320394
320396
320398
320399
320400
320401
320402
320403
320404
320405
320406
320407
320410
320411
322458
322457
322749
322999
320412
322456
322455
322453
322452
322451
322454
320414
320418
320419
323898
320422
320424
320426
320432
320435
324225
324236
324229
324240
324227
324232
324231
324228
322450
324049
320437
320438
324238
320439
320441
322826
320444
320445
320450
323143
322931
322930
320457
322929
322927
322939
322937
322932
322938
322936
322940
322928
322925
322934
320464
324239
324234
324226
324233
324235
324241
324230
322933
322942
322941
322935
320473
320479
323142
323145
323141
320486
323139
320487
320488
320489
323140
323144
320490
320494
320495
320496
320498
320499
320500
320501
320502
324048
320504
320505
320507
320508
320513
320514
320516
322751
320519
320520
320521
320522
320526
322998
320531
320533
320534
320536
323392
320538
320539
320540
320541
320542
324237
320544
323655
323687
320545
320546
323363
320547
320548
320549
320550
320551
320552
320554
320556
320558
320559
320561
320562
320563
320564
320567
320577
320579
320584
323000
320585
320586
320588
320589
320594
320595
320596
320597
320234
320235
323983
320236
320237
323765
320239
320240
320241
323314
323390
323472
323767
320243
320244
320245
320246
320247
320248
324396
323310
323769
323768
323770
320249
320250
323311
320251
323090
320252
323089
320256
322741
323315
320258
320259
320260
320261
320263
320264
326801
320269
320270
323316
320271
320272
320273
320274
320275
320276
320279
320280
320281
323138
320282
320283
320284
326800
320286
322893
320287
324397
320288
324042
323471
320294
320297
323213
320299
320300
322739
320301
320303
320305
320306
322737
320308
320309
322743
320312
320315
320316
322746
320319
320320
320321
320322
320323
320324
320325
320326
320327
320328
323312
320329
320331
320334
320335
320337
320345
320346
320347
320348
323932
324099
320349
320350
320353
324098
324043
320354
322744
320357
320358
320359
320360
320361
322924
320362
320363
322738
320366
323931
324164
320367
320368
320371
324097
324100
320372
322745
320375
322740
320376
320377
320378
322923
320379
320380
320382
323984
320383
323313
323864
323865
323405
323487
323492
323507
324398
323526
323505
323495
323491
323475
323493
323771
323520
323512
323503
323511
323489
324399
323525
323506
323652
326850
323510
323649
324223
324203
323486
323653
323482
323500
326802
324121
323651
323634
323524
323478
323645
324044
323519
323516
323523
323474
323490
323494
323639
323498
323481
324541
323509
324139
324165
324166
326851
323654
323638
323637
323499
323636
324224
324204
323650
323642
323501
323483
326803
324122
323641
323635
323631
323521
323522
323515
323692
323477
324167
324168
324400
323479
323633
323640
323473
323632
323488
324169
324140
324170
324171
324401
323518
323647
323630
323527
323517
323514
320385
324047
320387
324046
324045
320603
320604
322560
322672
322689
324028
322693
322979
324027
324053
324055
322692
322691
322694
323758
324054
324050
322690
322696
322697
322688
323759
322695
322685
322816
324051
324052
324029
324078
324008
324005
324006
324101
323620
323904
323909
323912
323910
323907
323908
323911
323448
323304
322983
323301
323305
323906
324056
323905
324057
324402
321003
321004
321005
321006
321007
321008
321009
321010
321011
320636
320637
320638
320639
322875
320642
320643
320644
320645
320646
320647
320648
320649
323681
320651
320652
320654
320663
320664
320665
320666
324561
324562
320667
324220
320668
320669
320671
324564
320672
320674
320675
320676
320677
320679
323197
324563
320680
320681
322390
320613
322462
320634
323406
323561
323542
323554
323545
323553
323528
324205
323560
323544
323535
323987
323986
323988
323567
323547
323564
323558
323534
323772
323531
323532
323566
323549
323562
323556
323552
323807
323533
323541
323557
323529
323540
323546
323563
323551
323550
323538
323530
323536
323548
323555
323537
324068
323539
323985
320682
326852
323383
320683
320684
323234
323702
323705
324115
326805
320685
320687
320689
320690
320691
320692
323170
323235
323706
323711
324114
326804
320693
320694
320695
320696
320697
320698
320702
320703
320704
320705
320706
320707
320708
320709
320710
320711
323975
320699
320700
320701
326807
326808
326806
326809
320712
320713
320714
320715
320716
320717
320718
323976
322674
323618
323797
323619
323241
323747
320719
326810
323755
322975
323242
323749
323761
323748
324581
320720
323240
320721
320722
320723
322398
320724
323369
320725
320726
320727
320729
320731
320732
320733
320734
320736
320737
320739
320740
320741
320742
320744
320745
320746
320747
320748
320749
320750
320751
320752
320753
323855
320754
320755
320756
320757
323763
320758
320759
320760
320762
320763
323933
320764
320765
320766
320767
320770
320771
320772
320773
320774
320775
320776
320777
322704
320778
320779
320780
326820
326819
326817
326816
326818
326815
326814
326825
326824
326831
326826
343257
326823
326828
326821
326829
326830
326834
326827
326822
326833
326832
321012
321015
324134
324132
321016
322367
321018
321020
321021
321023
321025
321027
322856
321029
323942
321030
321031
321032
321033
322916
322855
321035
321036
321037
321038
321039
321040
321041
321042
321043
321044
321046
321048
321049
321052
321054
321056
321058
321059
320907
324542
320908
320909
323899
320911
320913
320914
320915
320916
320917
323373
320918
320919
320920
320921
320922
320923
320924
320925
320926
323091
320927
320928
320929
320930
320931
322830
320932
322832
320933
320934
320935
320936
320937
320938
320939
320940
320941
320942
320943
320944
320945
320946
320947
323151
324404
320948
320949
320950
320951
320952
320953
320954
320956
320957
320958
320959
320960
320961
320962
320963
320964
320965
320966
320967
320968
320969
320970
320971
320972
320973
320974
323150
320976
320977
320978
320979
323149
320980
320981
320982
320983
320984
320985
320986
320987
322472
322471
322834
322833
322473
322835
320988
320989
320991
320993
323148
320994
320995
320996
320997
320999
321000
323990
321001
321002
320781
323216
320782
320783
324141
320784
320785
320788
320789
320791
320792
320793
320796
320800
320803
320804
320807
320808
320809
320810
322754
322753
323688
326853
323396
320813
320814
320815
320816
320817
320818
320819
320820
324246
323217
323146
320821
320822
324245
324242
324243
320823
322470
320824
320825
320826
320827
320828
320829
324244
324123
320832
320833
322468
323773
320836
320838
320839
320840
322752
326854
320841
320842
320843
320844
323147
320850
320851
320852
323249
320853
322827
322895
320854
320856
320857
320858
320859
320860
320861
320862
320863
322828
322894
324403
320864
320865
324070
320866
320867
320868
320869
320870
320871
320872
320873
320874
320876
320877
320878
320881
320882
322467
320883
322829
324069
320884
320885
320886
320893
320894
320896
320897
320898
320899
320900
323989
320901
320902
320903
320904
321060
321061
321062
321063
321064
324206
321065
321066
321067
321068
321069
321070
321071
323991
322359
322514
322518
322521
322515
322523
322513
322520
322524
322517
322531
324015
321072
323603
321073
321074
321075
324023
324102
321076
322954
323036
323067
323063
323080
323038
323049
323332
323913
323069
323057
323056
323035
323062
324011
323055
323077
323053
323054
323043
323037
323402
321078
321079
321080
321081
321082
321083
321084
321085
321086
321087
321088
321089
321090
323602
322955
323066
323052
323061
323048
323034
323051
323331
323914
323065
323072
323060
323076
323068
324012
323064
323079
323050
323042
323059
323058
323401
321091
321092
321093
321094
324555
324556
324557
321095
321096
322802
322851
322512
323604
322956
323078
323075
323041
323047
323046
323071
323333
323915
323074
323073
323045
323040
323044
324013
323039
323033
323032
323031
323030
323070
323399
322549
321098
323591
321099
321100
322850
322912
322953
323029
323014
323024
323013
323017
323016
323330
323916
323022
323028
323018
323020
323019
324014
323023
323021
323015
323027
323026
323025
323400
323082
322557
321103
321104
322796
323081
323083
324253
321105
324016
322957
321106
321108
321111
322836
321112
324207
321113
321114
321115
321116
321117
324124
321118
321119
323808
324126
324125
324172
321120
321121
321122
321124
322476
323322
321127
321128
322758
321134
321135
322759
321136
321137
321138
321139
321140
321141
321142
321143
343258
321144
321145
321149
321150
321151
321152
321153
321161
321172
321173
321174
321178
321179
321180
321181
323002
321188
321226
321227
323323
323321
323319
323320
323995
321231
321232
323809
321233
323811
323250
323774
321235
323810
323568
321237
321238
321239
323154
321240
321244
321245
321246
321247
321248
323993
323994
321250
321264
323218
323219
323324
323325
324072
324071
324074
324075
324073
321265
321266
323992
321267
321268
321269
321270
321271
321272
324217
321273
321274
321275
321276
321278
321279
321280
323682
321282
321283
321284
321285
321286
324405
324406
324407
321438
321439
321440
321441
321442
321443
321444
321445
322484
321446
321447
322839
324174
324579
324127
323327
323221
323115
322904
321448
321450
321451
324580
321452
322488
321453
323569
321454
321455
321456
322905
321457
323116
321458
321459
321460
321461
321462
322838
321463
323570
321464
321465
321466
321468
321469
321470
321471
321472
321473
321474
321475
321476
321477
321478
321479
324545
343260
321480
321481
321482
321483
321484
321485
322485
321486
343261
321487
321488
321489
321490
321491
321492
321494
321496
321497
321498
321499
321500
321501
321502
321504
321505
321506
321507
322487
321509
321510
321511
321512
321513
321514
321515
321516
323006
321517
321519
321521
323094
321522
323093
321524
321525
321526
321527
321528
323092
321531
321532
322486
321533
321534
321535
323999
321536
321537
321538
321539
321540
323657
323656
323998
321541
321542
321543
322482
321544
321545
321546
321547
321548
321549
321550
321551
321552
321553
321554
321555
321556
321557
321558
321559
321560
321561
321562
321563
321351
321352
321353
321354
321357
321358
321359
321360
321361
321362
321363
321364
321365
321368
322777
321369
321370
321371
321372
321373
321374
321375
321376
321377
321378
321379
321380
321381
321382
323166
321383
321384
321385
321386
321387
321388
321389
321390
321391
321392
321393
321394
321396
321397
321398
321399
321400
321401
321402
321403
321404
322483
321405
321406
321407
321408
321409
323005
321410
321411
321412
323997
321564
321566
321567
321568
321569
321570
322906
321572
321573
321574
321575
321576
321577
323575
323007
321580
322907
323008
323117
323167
321583
323222
321584
321585
321586
321587
321588
321589
321590
321591
321592
321593
321594
323576
321595
321596
321597
321598
321599
321600
321601
321602
321603
322840
321604
321605
324077
321606
321607
321608
323398
323573
323661
321611
321612
321613
323783
321614
321615
321616
321617
321618
321619
321620
321621
321622
321623
321624
321625
321626
343262
324175
323658
321627
323689
323571
321628
323660
323659
323574
323572
321629
321630
321631
324000
323286
324219
321419
321420
323290
324214
323287
324213
321424
323285
324215
323284
324212
324064
323289
324218
323291
324211
321435
321436
323288
321437
321632
321633
321634
321635
321636
323581
321637
321638
321639
323580
321640
321641
321642
321643
321644
321645
324176
321646
321647
321648
323578
321649
321650
321651
323577
321652
321653
321654
321655
321656
321657
321658
323095
321659
321660
321661
321662
321663
321664
321665
321666
321667
321668
321669
321670
321671
321672
321673
321674
321675
321676
321677
321678
321679
321680
321681
321682
321683
321684
321685
323582
321686
321687
322909
321688
321689
321692
321693
321694
321695
321696
321697
321698
323328
321699
321700
321701
321702
321703
321704
321705
321706
321707
321708
321709
321710
321711
321712
321713
321714
321715
321716
323195
323253
321717
321718
321719
321720
321721
321722
321723
322841
321724
321725
321726
321727
323579
321728
323252
321729
321730
321731
321732
321733
324001
321734
321735
322898
322896
324543
324544
324408
324409
324410
324411
324412
324413
324414
324415
324416
324417
324418
324419
324420
324421
324422
324423
324424
324425
324426
324427
324428
324429
324430
324431
324432
343259
324433
324434
324435
324436
324437
324438
324439
324440
324441
324442
324443
324444
324445
324446
324447
324448
324449
324450
324451
324452
324453
324454
324455
324456
324457
324458
324459
324460
324461
324462
324463
324464
324465
324466
324467
324468
324469
321736
321737
321738
323949
321741
321742
321743
321744
321745
321746
321747
321748
321749
321776
321777
323227
322865
324471
321778
323583
321780
321781
322493
321782
321783
323329
322911
322786
321784
322489
324130
326811
323012
321785
321786
321787
321788
322497
321789
322501
321790
321791
322492
321792
321793
321794
322500
321795
321796
321797
323009
322780
322789
321798
321799
321800
322496
321801
323098
322503
321803
323228
321806
321808
321809
324472
321810
321811
322788
322792
321812
321813
321814
321815
321816
322491
321817
322495
321818
322502
321819
322494
322509
322507
322490
322778
322779
321820
321821
321822
321823
323586
321826
321827
322504
321829
323278
321830
322866
321831
322849
323097
322506
321833
321834
321835
324473
321836
323224
323223
322787
321837
321840
322868
322781
321842
324129
323225
324128
321844
322499
322505
321845
321846
321847
321848
321849
321850
321851
321852
321853
322791
322790
321855
321856
321857
321858
321859
322498
321860
322846
321861
322845
322847
322508
321863
321864
321865
321866
321867
322842
321869
322848
321870
321872
323277
323584
323585
322867
321873
322843
323096
321875
321876
322784
321877
322785
321878
322782
321879
322844
323226
321880
321882
321883
322783
321884
321885
324002
321886
321887
324133
322057
322058
322059
322060
322061
324177
324208
324216
321888
321889
321890
324149
321891
321892
321894
321895
321896
324546
321897
323896
321899
321900
321901
321902
321903
326856
321905
321906
321907
321908
321909
321910
321911
321913
321914
321915
321916
322435
321917
321918
321919
321921
321922
321923
321924
321925
321926
321927
321928
321929
321930
321931
321933
321934
321935
321936
321937
321938
321939
321940
321941
321942
321943
321944
321945
321946
321947
321948
321949
321950
321951
321952
321954
321955
321956
323981
321957
321958
321960
321962
321964
321966
321968
321970
321972
321973
321975
321977
321979
322793
323307
324547
321981
321982
321983
321984
321985
321986
321987
321988
321989
321990
321991
321992
322681
321993
321994
321995
321996
321997
321998
321999
322000
322001
322002
322003
322004
322005
322006
322007
322008
322009
322010
322011
322012
322013
322014
322015
322016
322017
322684
322018
322019
322020
322021
322022
322023
322024
323752
323751
323756
323754
323760
323750
324009
322025
322026
322027
322028
322029
322030
322031
322032
322033
322034
322035
322036
322037
322038
322039
322040
322041
322042
322043
322044
322045
322046
322047
322048
322049
322050
322051
322052
323798
322053
322054
322055
322056
324474
324475
324476
324477
324478
324479
324480
324481
324482
324483
324484
324485
324486
324487
324488
324489
324490
351458
324558
324491
324492
324493
324494
324495
324496
324497
324498
324499
324500
324501
324502
324503
324504
324505
324506
324507
324508
324559
324509
324510
324511
324512
324513
324514
324515
324516
324517
324518
324519
324520
324521
324522
324523
324524
324525
324526
324527
324528
324529
324530
324531
324532
322062
322063
322064
322065
322066
322968
322967
322966
323789
323419
322067
322068
322069
322070
322810
322969
322071
322964
322965
322963
323918
323946
323943
323945
322072
321767
321768
321769
321770
321771
321772
321773
321774
321775
323382
322874
323355
323104
324058
321750
321751
322853
322424
322431
322422
322428
322419
322430
322427
322420
322073
322074
322075
322077
322078
322079
322080
322081
322082
322084
322085
322086
322087
322088
322090
322091
322092
322094
322095
322096
322097
322098
322099
322100
322101
322108
322109
322111
322112
322116
322117
322118
322120
322121
322122
322123
322124
322125
322126
322127
322128
322129
322130
322131
322132
323367
322134
322135
322136
322137
322138
322139
322140
322141
323605
323662
323669
324059
343263
323672
323667
323675
323671
323668
326812
324003
323663
323674
323666
323665
323673
323695
323670
323664
323694
323693
323691
324004
323690
322142
322143
322144
322145
322146
322147
322148
322533
322151
322154
324151
322155
322156
322157
322158
322511
323588
324150
322160
322529
322162
322163
322542
322537
322169
322170
322171
322546
322527
322545
322538
322541
322544
322800
322536
322174
322175
322176
322528
322522
322539
322532
324152
322179
324153
322180
322181
322182
323334
322185
322794
322186
324021
322193
322382
324060
322189
322680
326813
322407
322191
322399
323589
322239
322240
322241
324061
324062
324210
322242
322243
322547
322798
322244
323676
322535
322516
322543
322869
323335
322952
322801
324019
322194
322195
323587
322196
322197
322198
322199
322202
322204
322205
322206
322207
322208
322519
322211
322212
322213
322216
322218
322219
322220
322221
322222
322223
322226
324548
322228
322230
322231
322232
322233
322234
322236
322237
324020
322806
322246
323084
322249
322250
322252
322803
324255
324063
322913
326857
322257
322260
322261
322262
322263
322264
322265
322266
323787
322558
322267
322268
322269
322270
322272
322273
322275
322276
322277
322278
322279
322280
322281
322282
322283
322284
322285
323085
322287
322288
324104
322289
322290
322292
322293
322294
322297
322298
322299
322302
322303
322304
322305
322306
322307
322308
322309
322312
322314
322315
322316
322318
323254
323086
322319
322321
322322
323336
323169
324178
323788
322323
322324
322325
322326
322327
322329
324106
322330
322332
322333
322334
322335
324560
322337
322338
322339
322340
322559
322341
322342
322343
322346
322347
322348
322852
323099
323230
322349
324533
322350
322804
322351
322352
322353
323229
324534
322354
322355
322915
322357
326858
326859
324179
322358
324025
322563
326855